[header_bg.jpg]
filters=finetune2=1,0.415205,0.087018,0.002807,00000000,0.064327;
moddate=2df77f006f94cf01
width=1000
height=173
text=1;143;19;Online mobile store;Batang;0.092734,0.340928,0.294926,6.283185;v1,4278190080,4281866074,128.000000,1.000000,0.500000,0.992188,700,258,49152;;
textactive=1
